276025971888.955
276025971888.955
276025971888.955
307190899139.9388
307964394747.3687
307964394747.3687
307964394747.3687
307964394747.3687
307964394747.3687
307964394747.3687
307964394747.3687
307964394747.3687
351408408821.85223
351408408821.85223
351408408821.85223
351408408821.85223
351408408821.85223
351408408821.85223
351784357549.85486
352086249782.2064
352086249782.2064
352086249782.2064
353589938932.1047
353589938932.1047
353589938932.1047
353589938932.1047
353589938932.1047
353633353888.8895
353633353888.8895
353633353888.8895
353633353888.8895
353633353888.8895
353633353888.8895
353633353888.8895
353870088114.3998
353870088114.3998
353870088114.4303
353870088114.4303
353870088114.4303
353870088114.4303
379295455583.3861
379295455583.3861
379295455583.3861
379295455583.3861
379295455583.3861
379699298809.51215
379699298809.51215
381807316121.03827
381807316121.03827
381807316121.03827
381807316121.03827
381807316121.03827
381807316121.03827
381807316121.03827
381807316121.03827
381807316124.88885
381807316124.88885
381807316124.88885
381807316124.88885
381807316124.88885
381807316124.88885
381807316124.88885
381807316125.2454
381807316125.2454
381807316125.2454
381807316125.2454
381807316125.2454
381807316125.2454
402911758412.6741
402911758412.6741
402911758412.6741
468291013772.7508
468291013772.7508
468291013772.7508
625155380623.8075
649588139477.4723
649588139477.4723
649588139477.4723
649588139477.4723
649588139477.4723
649588139477.4764
649588139477.4764
649588139477.4764
1161478975565.8276
1161478975565.8276
1161478975565.8276
1161478975565.8276
2295944366489.325
2295944366489.325
2295944366489.325
3453090570147.2656
3453090570147.2656
3453090570147.2656
4067467636970.1196
35349965286295.125
35349965286295.125
89140262019963.86
89140262019963.86
95475351805304.56
124471178385641.16
