13500917256.257324,
13500917256.257324,
13504065317.030727,
13504065317.030727,
13504065317.030727,
13504065317.030727,
13504065317.030727,
13510723304.063562,
13510723304.063562,
13510723304.063562,
13510723304.063562,
13510723304.063562,
13510723304.063562,
13510723304.063562,
13510723304.063562,
13510723304.19212,
13510723304.19212,
13510723304.19212,
13510723304.19212,
13510723304.19212,
13510723304.19212,
13510723304.19212,
13510723304.204065,
13510723304.204065,
13510723304.204065,
13510723304.204065,
13510723304.204065,
13510723304.204065,
13898838858.936916,
13898838858.936916,
13898838858.936916,
13898838858.936916,
13898838858.93951,
13898838858.93951,
13908587898.850317,
13908587898.850317,
13908587898.850317,
13908587898.850317,
13908587898.850317,
13908587898.850317,
13908587898.850317,
13910389442.502127,
13910389442.502127,
13910389442.502127,
13910389442.502127,
13910389442.502127,
13975426012.450836,
13975426012.450836,
13975426012.450836,
13989108540.755493,
14006443635.279358,
14006443635.279358,
14006443635.279358,
14006443635.279358,
14006443635.279358,
14006443635.279358,
15352633705.704025,
15352633705.704025,
15352633705.704025,
30267023108.830986,
30267023108.830986,
30267023108.830986,
34663228107.85987,
34663228107.85987,
34663228107.85987,
38604826071.55871,
42291966015.884514,
42291966015.884514,
42291966015.884514,
42291966015.884514,
42291966015.884514,
42291966015.88532,
42291966015.88532,
42291966015.88532,
66054131569.6028,
67974984334.58211,
67974984334.58211,
67974984334.58211,
67974984334.58211,
67974984334.58211,
67974984334.58211,
67974984334.58211,
67974984334.58211,
314113352529.3267,
314113352529.3267,
314113352529.3267,
314113352529.3267,
678505565915.216,
678505565915.216,
678505565915.216,
786462499879.6649,
786462499879.6649,
786462499879.6649,
2962795414709.2964,
13104918761169.62,
13104918761169.62,
28263297846679.137,
28263297846679.137,
30516057225272.355,
41137343962916.02,
